4.394364082254469395e-01 9.416646957397460938e-01 6.654855608940124512e-01
2.817919621011242270e-01 9.451289176940917969e-01 7.115450501441955566e-01
1.661666541476733983e-01 9.650301933288574219e-01 7.891420722007751465e-01
1.472298184526152909e-01 9.641346931457519531e-01 7.943352460861206055e-01
1.418653463479131460e-01 9.598946571350097656e-01 7.979245781898498535e-01
9.085095828049816191e-02 9.753818511962890625e-01 8.551474213600158691e-01
1.057031351083423942e-01 9.689984321594238281e-01 8.338236212730407715e-01
9.441909051383845508e-02 9.716553688049316406e-01 8.404963612556457520e-01
9.279465299914591014e-02 9.707498550415039062e-01 8.402433991432189941e-01
6.928493680607061833e-02 9.784016609191894531e-01 8.683344721794128418e-01
6.658416058053262532e-02 9.788341522216796875e-01 8.779304623603820801e-01
6.475463684182614088e-02 9.789366722106933594e-01 8.821411728858947754e-01
5.888449793565087020e-02 9.809212684631347656e-01 8.919593095779418945e-01
6.378082004084717482e-02 9.796886444091796875e-01 8.830646276473999023e-01
6.752934839460067451e-02 9.777421951293945312e-01 8.717141151428222656e-01
5.803558722254820168e-02 9.812955856323242188e-01 8.959668874740600586e-01
5.553280431195162237e-02 9.817752838134765625e-01 8.956173062324523926e-01
5.567799437267240137e-02 9.811992645263671875e-01 8.925095796585083008e-01
5.090377290616743267e-02 9.828214645385742188e-01 9.004744291305541992e-01
5.727537273196503520e-02 9.810128211975097656e-01 8.861163258552551270e-01
5.392223528178874403e-02 9.816746711730957031e-01 8.997357487678527832e-01
4.897952360624913126e-02 9.829339981079101562e-01 9.023247361183166504e-01
5.053044196392875165e-02 9.826264381408691406e-01 9.035719633102416992e-01
4.845893238962162286e-02 9.829659461975097656e-01 9.059327244758605957e-01
5.059076131146866828e-02 9.828491210937500000e-01 9.032397270202636719e-01
4.629565061622997746e-02 9.843339920043945312e-01 9.136426448822021484e-01
4.600180152920074761e-02 9.843568801879882812e-01 9.146829843521118164e-01
4.743262266856618226e-02 9.838075637817382812e-01 9.108036756515502930e-01
4.799979267409071326e-02 9.838552474975585938e-01 9.116532802581787109e-01
4.827150519122369587e-02 9.841475486755371094e-01 9.129877686500549316e-01
4.764275475463364273e-02 9.840445518493652344e-01 9.120379686355590820e-01
4.527776358008850366e-02 9.844365119934082031e-01 9.158568978309631348e-01
4.674740345217287540e-02 9.841685295104980469e-01 9.115830063819885254e-01
4.414946111501194537e-02 9.848527908325195312e-01 9.172042012214660645e-01
4.483967769192531705e-02 9.848566055297851562e-01 9.157401919364929199e-01
4.478554066736251116e-02 9.846434593200683594e-01 9.157109260559082031e-01
4.593217330693732947e-02 9.845566749572753906e-01 9.144272804260253906e-01
4.441882480750791728e-02 9.848060607910156250e-01 9.174784421920776367e-01
4.401280287129338831e-02 9.848036766052246094e-01 9.180346131324768066e-01
4.673977113270666450e-02 9.843621253967285156e-01 9.158637523651123047e-01
4.606033381423912942e-02 9.844908714294433594e-01 9.166052937507629395e-01
4.361894282192224637e-02 9.849920272827148438e-01 9.185197949409484863e-01
4.464891509269364178e-02 9.850029945373535156e-01 9.174615740776062012e-01
4.339387505751801655e-02 9.850802421569824219e-01 9.189243912696838379e-01
4.195177867950405926e-02 9.857096672058105469e-01 9.228903055191040039e-01
4.475541102874558419e-02 9.848532676696777344e-01 9.148995876312255859e-01
4.368674130819272250e-02 9.848642349243164062e-01 9.194043278694152832e-01
4.314981233619619161e-02 9.852805137634277344e-01 9.204228520393371582e-01
4.358101480465847999e-02 9.850087165832519531e-01 9.178475141525268555e-01
4.427831195062026381e-02 9.847726821899414062e-01 9.170612096786499023e-01
4.326604746165685356e-02 9.851212501525878906e-01 9.197435975074768066e-01
4.362365916313137859e-02 9.851136207580566406e-01 9.199144244194030762e-01
4.327328912040684372e-02 9.849562644958496094e-01 9.180685281753540039e-01
4.346943450218532234e-02 9.849562644958496094e-01 9.183664917945861816e-01
4.241265763994306326e-02 9.855251312255859375e-01 9.211661815643310547e-01
4.451843419519718736e-02 9.849247932434082031e-01 9.181228876113891602e-01
4.373601989209419116e-02 9.850115776062011719e-01 9.178082942962646484e-01
4.220700867881532758e-02 9.855184555053710938e-01 9.214091897010803223e-01
4.316260087216505781e-02 9.850912094116210938e-01 9.198666214942932129e-01
4.172557443962432444e-02 9.857592582702636719e-01 9.228469729423522949e-01
4.328901303961174563e-02 9.851746559143066406e-01 9.182373285293579102e-01
4.261774702172260731e-02 9.852671623229980469e-01 9.200268387794494629e-01
4.263610091584268957e-02 9.854297637939453125e-01 9.206967949867248535e-01
4.237220859067747369e-02 9.854087829589843750e-01 9.213503003120422363e-01
4.288769151025917381e-02 9.852819442749023438e-01 9.201577901840209961e-01
4.393356743094045669e-02 9.850287437438964844e-01 9.180012345314025879e-01
4.304956734995357692e-02 9.853453636169433594e-01 9.209963083267211914e-01
4.256086534587666392e-02 9.854035377502441406e-01 9.205506443977355957e-01
4.300246034836163744e-02 9.853014945983886719e-01 9.207113981246948242e-01
4.264545364276273176e-02 9.856281280517578125e-01 9.220354557037353516e-01
4.362416730145923793e-02 9.851379394531250000e-01 9.199742078781127930e-01
4.260624882590491325e-02 9.854044914245605469e-01 9.205357432365417480e-01
4.234397753316443413e-02 9.854083061218261719e-01 9.208423495292663574e-01
4.235154092020820826e-02 9.854559898376464844e-01 9.213186502456665039e-01
4.231944123603170738e-02 9.854869842529296875e-01 9.217334985733032227e-01
4.240090329403756186e-02 9.856290817260742188e-01 9.224444031715393066e-01
4.163447520113550127e-02 9.857659339904785156e-01 9.238699674606323242e-01
4.282080163829959929e-02 9.854307174682617188e-01 9.222521781921386719e-01
4.315015238535124809e-02 9.852800369262695312e-01 9.205847382545471191e-01
4.327217316313181072e-02 9.852118492126464844e-01 9.209550023078918457e-01
4.301823283458361402e-02 9.853696823120117188e-01 9.207202196121215820e-01
4.282655870338203385e-02 9.854407310485839844e-01 9.212229847908020020e-01
4.162219721911242232e-02 9.857459068298339844e-01 9.225214719772338867e-01
4.308538170880638063e-02 9.853286743164062500e-01 9.207779169082641602e-01
4.276583051978377625e-02 9.855284690856933594e-01 9.221306443214416504e-01
4.268849575601052493e-02 9.853405952453613281e-01 9.213411808013916016e-01
4.158755084790755063e-02 9.857015609741210938e-01 9.225583076477050781e-01
4.271491170948138461e-02 9.853897094726562500e-01 9.212788343429565430e-01
4.221913124638376758e-02 9.855871200561523438e-01 9.219176769256591797e-01
4.304610916733508930e-02 9.853825569152832031e-01 9.210338592529296875e-01
4.164151517034042627e-02 9.856648445129394531e-01 9.228165745735168457e-01
4.203739686636254191e-02 9.856467247009277344e-01 9.235787391662597656e-01
4.228482960024848580e-02 9.855537414550781250e-01 9.225955009460449219e-01
4.257157359097618610e-02 9.855356216430664062e-01 9.218209385871887207e-01
4.244711669161915779e-02 9.854412078857421875e-01 9.213941097259521484e-01
4.230517318501370028e-02 9.855246543884277344e-01 9.216186404228210449e-01
4.233867410221137106e-02 9.855041503906250000e-01 9.222041964530944824e-01
4.255508632923010737e-02 9.855213165283203125e-01 9.214940071105957031e-01
4.303287054062820971e-02 9.854006767272949219e-01 9.211127161979675293e-01
4.268755941302515566e-02 9.855761528015136719e-01 9.214378595352172852e-01
4.260830946441274136e-02 9.854483604431152344e-01 9.214154481887817383e-01
4.273031796037685126e-02 9.854607582092285156e-01 9.222934842109680176e-01
4.242853906180243939e-02 9.854254722595214844e-01 9.217806458473205566e-01
4.288584589812671766e-02 9.854564666748046875e-01 9.215283393859863281e-01
4.197131295222789049e-02 9.856524467468261719e-01 9.232048988342285156e-01
4.280599576304666698e-02 9.854483604431152344e-01 9.219589829444885254e-01
4.136694209591951221e-02 9.858250617980957031e-01 9.243946671485900879e-01
4.279979880811879411e-02 9.854221343994140625e-01 9.210297465324401855e-01
4.195143459219252691e-02 9.855413436889648438e-01 9.218993186950683594e-01
4.270606611680705100e-02 9.855089187622070312e-01 9.215241074562072754e-01
4.223946128331590444e-02 9.855284690856933594e-01 9.224373102188110352e-01
4.237095291318837553e-02 9.855194091796875000e-01 9.224399328231811523e-01
4.231846020411467180e-02 9.855999946594238281e-01 9.229037761688232422e-01
4.303132595669012517e-02 9.854025840759277344e-01 9.213712811470031738e-01
4.170233348850160837e-02 9.857211112976074219e-01 9.231981039047241211e-01
4.289090332895284519e-02 9.853348731994628906e-01 9.212052226066589355e-01
4.248340574122266844e-02 9.855604171752929688e-01 9.220547676086425781e-01
4.308042665797984228e-02 9.852204322814941406e-01 9.199713468551635742e-01
4.319499547273153439e-02 9.853329658508300781e-01 9.196774959564208984e-01
4.274557274766266346e-02 9.854788780212402344e-01 9.211793541908264160e-01
4.319064145965967327e-02 9.852514266967773438e-01 9.197542071342468262e-01
4.309752008703071624e-02 9.852523803710937500e-01 9.199544787406921387e-01
4.306346912926528603e-02 9.853119850158691406e-01 9.209483265876770020e-01
4.253073062864132226e-02 9.854516983032226562e-01 9.220038056373596191e-01
4.316552604723256081e-02 9.854145050048828125e-01 9.210788607597351074e-01
4.303846304537728429e-02 9.853086471557617188e-01 9.209919571876525879e-01
4.258734994073165581e-02 9.854998588562011719e-01 9.211460351943969727e-01
4.304681193025317043e-02 9.854607582092285156e-01 9.209252595901489258e-01
4.396006849128752947e-02 9.851341247558593750e-01 9.187426567077636719e-01
4.371387845458230004e-02 9.851765632629394531e-01 9.190474748611450195e-01
4.307267740659881383e-02 9.853897094726562500e-01 9.213311672210693359e-01
4.284228403412271291e-02 9.854440689086914062e-01 9.214272499084472656e-01
4.313834138156380504e-02 9.852938652038574219e-01 9.204552173614501953e-01
4.355048184515908360e-02 9.851884841918945312e-01 9.211454391479492188e-01
4.245847235870314762e-02 9.855408668518066406e-01 9.219059944152832031e-01
4.230595924309454858e-02 9.855923652648925781e-01 9.223443269729614258e-01
4.213132961740484461e-02 9.855990409851074219e-01 9.227992296218872070e-01
