4.922997467219829282e-02 9.872619628906249556e-01 7.248186469078063965e-01
4.720809794962406436e-02 9.870544433593749778e-01 7.884857058525085449e-01
4.552752971649169644e-02 9.882080078124999556e-01 8.049081563949584961e-01
4.535454101860523363e-02 9.875793457031250000e-01 7.982852458953857422e-01
4.131117425858974596e-02 9.882812500000000000e-01 8.260866403579711914e-01
4.292901158332824985e-02 9.875366210937499556e-01 8.246487379074096680e-01
4.122027438133955141e-02 9.894409179687500000e-01 8.048703670501708984e-01
4.221940897405147830e-02 9.888671875000000222e-01 8.290298581123352051e-01
4.101177267730236192e-02 9.899230957031249778e-01 8.389623165130615234e-01
4.135506544262170653e-02 9.893432617187499778e-01 8.427816629409790039e-01
3.846706412732601305e-02 9.897338867187499556e-01 7.850033044815063477e-01
3.908849135041236877e-02 9.903503417968749778e-01 8.378053903579711914e-01
3.957904838025570055e-02 9.900268554687500222e-01 8.303444385528564453e-01
3.835059087723493437e-02 9.898376464843750000e-01 8.221098780632019043e-01
4.077689014375209670e-02 9.894226074218750444e-01 8.123341202735900879e-01
3.937367647886276523e-02 9.899414062500000444e-01 8.300080895423889160e-01
4.237085692584514895e-02 9.897644042968749556e-01 8.429422974586486816e-01
4.143729880452155789e-02 9.898071289062500000e-01 8.251035809516906738e-01
4.065602123737335066e-02 9.898193359375000444e-01 8.312836289405822754e-01
4.099520444869995256e-02 9.900878906250000222e-01 8.398386240005493164e-01
3.988390322774648666e-02 9.900085449218749556e-01 8.061989545822143555e-01
4.125716388225555281e-02 9.898071289062500000e-01 8.353047966957092285e-01
4.015629924833774567e-02 9.901184082031250222e-01 8.362323641777038574e-01
4.183684661984443665e-02 9.899353027343750222e-01 8.307119607925415039e-01
4.131722617894410809e-02 9.901062011718749778e-01 8.408698439598083496e-01
3.833778742700814923e-02 9.905822753906250444e-01 8.447554707527160645e-01
3.933070041239261627e-02 9.905456542968750222e-01 8.443022370338439941e-01
3.941583242267369946e-02 9.904724121093749778e-01 8.415508866310119629e-01
4.006252046674489697e-02 9.901000976562499556e-01 8.397290706634521484e-01
3.953843228518962721e-02 9.901550292968750444e-01 8.395873904228210449e-01
4.068602137267589292e-02 9.902282714843749778e-01 8.404471278190612793e-01
3.970050979405641278e-02 9.904602050781250444e-01 8.412689566612243652e-01
4.006234724074601850e-02 9.902404785156250222e-01 8.401033282279968262e-01
4.029964040964841704e-02 9.903198242187499778e-01 8.419560194015502930e-01
4.074069317430258075e-02 9.903198242187499778e-01 8.392677903175354004e-01
4.004036150872707089e-02 9.904418945312499778e-01 8.402878046035766602e-01
4.127512611448765079e-02 9.902709960937500222e-01 8.411304354667663574e-01
3.952860478311777392e-02 9.905212402343750444e-01 8.417876362800598145e-01
4.129186775535344939e-02 9.903259277343750000e-01 8.416606783866882324e-01
4.055061787366866927e-02 9.903442382812499556e-01 8.430429697036743164e-01
3.961377460509538789e-02 9.903442382812499556e-01 8.425135016441345215e-01
4.136280585080385347e-02 9.901733398437500000e-01 8.419779539108276367e-01
4.002457913011312624e-02 9.904602050781250444e-01 8.440113663673400879e-01
3.952894862741231780e-02 9.903198242187499778e-01 8.469592332839965820e-01
4.081271849572658261e-02 9.902160644531250444e-01 8.459728956222534180e-01
3.909624200314283649e-02 9.906433105468750444e-01 8.441540002822875977e-01
3.981322012841701646e-02 9.903808593749999778e-01 8.481027483940124512e-01
4.009293690323829928e-02 9.904113769531249778e-01 8.479570746421813965e-01
4.041253942996263226e-02 9.903747558593749556e-01 8.401678800582885742e-01
4.131553824990987639e-02 9.902587890624999778e-01 8.478661179542541504e-01
4.271660540252923688e-02 9.902404785156250222e-01 8.486748933792114258e-01
4.024608787149190625e-02 9.903137207031249556e-01 8.466851115226745605e-01
3.994322102516889572e-02 9.904357910156249556e-01 8.475534915924072266e-01
4.110418315976858278e-02 9.904357910156249556e-01 8.498140573501586914e-01
4.094437044113874435e-02 9.904968261718749556e-01 8.447391390800476074e-01
4.126889575272798399e-02 9.904052734374999556e-01 8.473913073539733887e-01
