4.999178163707256040e-02 9.867614746093750222e-01 7.694650888442993164e-01
3.972116224467754642e-02 9.889526367187500000e-01 7.775805592536926270e-01
4.299013745039701601e-02 9.891906738281249778e-01 8.252465128898620605e-01
4.573050811886787692e-02 9.883483886718750222e-01 7.881180644035339355e-01
4.554266817867756029e-02 9.887390136718750000e-01 8.432928323745727539e-01
4.148324187844991406e-02 9.895874023437499778e-01 8.435633778572082520e-01
4.315758282318711558e-02 9.894958496093749778e-01 8.386924862861633301e-01
4.633106216788292209e-02 9.878173828124999778e-01 8.134802579879760742e-01
4.545165002346038957e-02 9.868286132812500444e-01 8.005513548851013184e-01
3.862293288111686568e-02 9.897094726562499778e-01 8.412591814994812012e-01
4.030739627778530398e-02 9.895996093750000222e-01 8.302723169326782227e-01
4.410684742033481320e-02 9.880065917968750000e-01 8.005190491676330566e-01
4.325520843267440657e-02 9.890686035156249778e-01 8.248160481452941895e-01
4.587189853191375732e-02 9.889099121093749556e-01 8.262311816215515137e-01
4.103700947016477446e-02 9.894165039062500222e-01 8.408218622207641602e-01
4.155513606965541978e-02 9.898498535156250444e-01 8.155938982963562012e-01
3.947585541754961014e-02 9.900939941406250444e-01 8.306751847267150879e-01
4.285790789872408191e-02 9.892761230468749556e-01 8.166878223419189453e-01
4.186563324183225493e-02 9.889465332031249778e-01 8.124827146530151367e-01
4.058756306767463684e-02 9.900207519531250000e-01 8.411309719085693359e-01
4.137261677533388138e-02 9.894226074218750444e-01 8.276999592781066895e-01
4.105477035045623779e-02 9.894470214843750222e-01 8.469433188438415527e-01
4.021214228123426437e-02 9.898681640625000000e-01 8.440708518028259277e-01
4.114747177809476714e-02 9.893432617187499778e-01 8.203617334365844727e-01
4.043361507356166978e-02 9.900207519531250000e-01 8.334119319915771484e-01
4.067425150424242020e-02 9.895202636718749556e-01 8.294944167137145996e-01
4.020244330167770108e-02 9.894531250000000444e-01 8.063475489616394043e-01
4.000694472342729291e-02 9.896240234375000000e-01 7.900306582450866699e-01
4.070230331271886687e-02 9.896484374999999778e-01 8.046845197677612305e-01
4.181564338505268374e-02 9.894042968749999778e-01 8.084191083908081055e-01
4.092763103544712344e-02 9.896850585937500000e-01 8.461178541183471680e-01
4.042552988976240436e-02 9.898315429687499778e-01 8.493245244026184082e-01
4.022776167839765826e-02 9.898376464843750000e-01 8.287623524665832520e-01
4.120200574398040494e-02 9.898132324218750222e-01 8.334973454475402832e-01
4.166339468210935454e-02 9.897155761718750000e-01 8.034099340438842773e-01
3.979893382638692578e-02 9.899047851562500222e-01 8.158336281776428223e-01
3.974178880453109464e-02 9.897644042968749556e-01 8.220968842506408691e-01
3.958540018647908887e-02 9.899719238281250444e-01 8.325022459030151367e-01
4.076767917722463885e-02 9.896057128906250444e-01 8.474087119102478027e-01
4.139265250414610187e-02 9.896301269531250222e-01 8.004142642021179199e-01
