3.841105997562408586e-02 9.895263671874999778e-01 7.638551592826843262e-01
5.634202882647514066e-02 9.837463378906250444e-01 7.062706351280212402e-01
3.908251505345106125e-02 9.897949218749999556e-01 7.430964112281799316e-01
4.006319548934698244e-02 9.892944335937500222e-01 8.178921341896057129e-01
4.274437632411718507e-02 9.901489257812500222e-01 7.914720773696899414e-01
3.895438611507415910e-02 9.887390136718750000e-01 8.372209072113037109e-01
3.612129781395197192e-02 9.910095214843750444e-01 8.477768301963806152e-01
3.856112714856863022e-02 9.900024414062500444e-01 7.893130779266357422e-01
3.798430003225803514e-02 9.905639648437499778e-01 8.090390563011169434e-01
3.749249335378408710e-02 9.908020019531249556e-01 8.411530256271362305e-01
3.976185638457536975e-02 9.907043457031250444e-01 8.234988451004028320e-01
4.096867274492978911e-02 9.884521484374999556e-01 7.683890461921691895e-01
3.913773577660321912e-02 9.903015136718750222e-01 8.431910872459411621e-01
4.112373199313879013e-02 9.904113769531249778e-01 7.680547833442687988e-01
4.065484926104545593e-02 9.907165527343749778e-01 7.952085137367248535e-01
3.761415891349315782e-02 9.906738281250000444e-01 7.894066572189331055e-01
3.704069796949625154e-02 9.907836914062500000e-01 8.262598514556884766e-01
3.938626404851675034e-02 9.902343750000000000e-01 7.730683088302612305e-01
3.924472127109766145e-02 9.907531738281250000e-01 8.218765854835510254e-01
3.846452329307794432e-02 9.907409667968749556e-01 7.853993773460388184e-01
4.180875141173601151e-02 9.898254394531249556e-01 7.662613987922668457e-01
4.024097509682178497e-02 9.902526855468749556e-01 7.970697283744812012e-01
4.238291848450899402e-02 9.899780273437499556e-01 7.649865746498107910e-01
4.119116421788930615e-02 9.899841308593749778e-01 8.304750323295593262e-01
3.853883929550647874e-02 9.906066894531250222e-01 7.856509089469909668e-01
4.010636098682880679e-02 9.904846191406250222e-01 7.726740241050720215e-01
3.987490553408860883e-02 9.901550292968750444e-01 7.748812437057495117e-01
4.083684980869293352e-02 9.901245117187500444e-01 7.780638337135314941e-01
4.170372709631919861e-02 9.902282714843749778e-01 7.705590724945068359e-01
4.101401083171367368e-02 9.902526855468749556e-01 7.936646342277526855e-01
4.086979180574416837e-02 9.902893066406249778e-01 7.495467662811279297e-01
4.198729246854782104e-02 9.900634765625000444e-01 7.579539418220520020e-01
4.048430267721414566e-02 9.904113769531249778e-01 8.017218112945556641e-01
4.030911028385162492e-02 9.901916503906249556e-01 7.688187360763549805e-01
4.028569720685482025e-02 9.907775878906249778e-01 7.550095319747924805e-01
4.104089904576539716e-02 9.904296875000000444e-01 7.769314646720886230e-01
4.139247238636016568e-02 9.900695800781249556e-01 7.628477215766906738e-01
