6.178286857903003693e-02 9.832946777343749556e-01 7.254751920700073242e-01
4.528636857867240906e-02 9.877685546875000222e-01 7.457184195518493652e-01
4.334442298859357556e-02 9.879089355468749778e-01 7.729775309562683105e-01
4.408997036516666690e-02 9.884765625000000444e-01 7.746126651763916016e-01
4.585062563419341902e-02 9.873413085937500222e-01 7.759791612625122070e-01
5.936155393719673434e-02 9.821350097656249556e-01 7.338022589683532715e-01
4.739091247320174893e-02 9.867858886718750000e-01 8.033544421195983887e-01
4.582969229668378691e-02 9.871582031250000222e-01 8.154475688934326172e-01
4.139112941920757016e-02 9.889953613281250444e-01 8.018347024917602539e-01
4.302315488457679471e-02 9.875427246093749778e-01 8.084146380424499512e-01
3.915441054850817004e-02 9.900573730468750222e-01 8.364232182502746582e-01
4.008510485291481157e-02 9.897094726562499778e-01 8.149080872535705566e-01
4.092356320470571379e-02 9.881530761718749778e-01 8.166903257369995117e-01
3.964170534163713455e-02 9.897155761718750000e-01 7.912833094596862793e-01
4.237601775676012178e-02 9.884765625000000444e-01 8.307954668998718262e-01
4.150669537484645566e-02 9.899291992187500000e-01 8.383335471153259277e-01
4.156898353248834888e-02 9.896301269531250222e-01 8.179195523262023926e-01
4.181254580616951266e-02 9.882934570312500444e-01 8.307830095291137695e-01
4.041977562010288377e-02 9.893615722656250444e-01 8.128174543380737305e-01
4.165876731276511868e-02 9.889221191406250000e-01 8.195406198501586914e-01
4.180307742208242555e-02 9.887390136718750000e-01 8.333590626716613770e-01
4.658706225454807559e-02 9.880493164062500444e-01 8.055235147476196289e-01
4.157963655889033994e-02 9.895568847656249778e-01 8.256009221076965332e-01
4.574878979474306107e-02 9.882934570312500444e-01 8.306983113288879395e-01
4.325406569987535338e-02 9.889160156249999778e-01 8.248803019523620605e-01
4.165693521499633928e-02 9.894714355468750000e-01 8.209654092788696289e-01
4.323411993682384213e-02 9.893371582031249556e-01 8.182085156440734863e-01
4.460643362253904204e-02 9.887390136718750000e-01 8.112022280693054199e-01
4.189880546182393750e-02 9.895385742187500222e-01 8.075864315032958984e-01
4.307234566658735275e-02 9.895324707031250000e-01 7.895178198814392090e-01
4.067258052527904233e-02 9.896362304687500444e-01 8.203074336051940918e-01
4.384236615151167193e-02 9.889221191406250000e-01 7.735944986343383789e-01
4.374849945306778093e-02 9.890014648437499556e-01 7.800503373146057129e-01
4.478582795709371706e-02 9.890319824218749556e-01 7.899609208106994629e-01
4.279229678213596066e-02 9.891357421875000000e-01 8.214737176895141602e-01
4.481022469699382643e-02 9.890869140625000444e-01 8.039762973785400391e-01
4.219720121473073682e-02 9.893310546875000444e-01 8.187583684921264648e-01
4.218519590795040408e-02 9.894165039062500222e-01 8.146102428436279297e-01
4.080477841198444644e-02 9.902526855468749556e-01 8.280426263809204102e-01
4.265906512737274031e-02 9.893310546875000444e-01 7.704111337661743164e-01
4.262164961546659192e-02 9.893371582031249556e-01 7.909623980522155762e-01
