4.573402311652898650e-02 9.863464355468749556e-01 7.059884667396545410e-01
3.654885794967412810e-02 9.898620605468749778e-01 8.148617148399353027e-01
3.922295868396759311e-02 9.883178710937500222e-01 8.100206851959228516e-01
3.764536660164594789e-02 9.899597167968750000e-01 8.090121746063232422e-01
3.905197754502296587e-02 9.880004882812499778e-01 7.950657606124877930e-01
4.260770529508590976e-02 9.877258300781249778e-01 7.668394446372985840e-01
4.009135682135820528e-02 9.892395019531250444e-01 8.002246022224426270e-01
3.530482836067676267e-02 9.897521972656250222e-01 8.207765221595764160e-01
5.065503306686878343e-02 9.841918945312500000e-01 8.137993216514587402e-01
4.389962088316679001e-02 9.866577148437499778e-01 7.355213761329650879e-01
3.507566209882497649e-02 9.903747558593749556e-01 8.414121866226196289e-01
3.705008849501609941e-02 9.904296875000000444e-01 8.451889753341674805e-01
4.060775525867939273e-02 9.875610351562500444e-01 8.074627518653869629e-01
3.559727845713496486e-02 9.902954101562500000e-01 8.380473256111145020e-01
3.650763984769582471e-02 9.895080566406250222e-01 8.197384476661682129e-01
3.840833026915788789e-02 9.891967773437500000e-01 8.226454257965087891e-01
3.686472624540328841e-02 9.900024414062500444e-01 8.371096253395080566e-01
3.477449640631675998e-02 9.908996582031249778e-01 8.196051716804504395e-01
3.460098057985305786e-02 9.911193847656250000e-01 8.408121466636657715e-01
4.157089609652757367e-02 9.887512207031250444e-01 8.039711713790893555e-01
4.167168904095887999e-02 9.875671386718749556e-01 8.017231822013854980e-01
3.773971721529960355e-02 9.896484374999999778e-01 8.266340494155883789e-01
3.613047096878289899e-02 9.904907226562500444e-01 8.075854778289794922e-01
3.609525207430124005e-02 9.901977539062499778e-01 8.315303921699523926e-01
3.604577202349901199e-02 9.906799316406249556e-01 8.286039829254150391e-01
3.607000615447759906e-02 9.904479980468750000e-01 8.368546962738037109e-01
3.590043950825929503e-02 9.906005859375000000e-01 8.388410210609436035e-01
3.712177891284227510e-02 9.902160644531250444e-01 8.190661072731018066e-01
3.679987434297800342e-02 9.907592773437500222e-01 8.344729542732238770e-01
3.605619445443153381e-02 9.908447265625000000e-01 8.454050421714782715e-01
3.692708667367696623e-02 9.906921386718750000e-01 8.412845134735107422e-01
3.709280826151371141e-02 9.905883789062499556e-01 8.392785191535949707e-01
3.621813273057341437e-02 9.908508300781250222e-01 8.318916559219360352e-01
3.657913506031036655e-02 9.907958984375000444e-01 8.318685293197631836e-01
3.700940161943435530e-02 9.905212402343750444e-01 8.314440846443176270e-01
3.699196781963109970e-02 9.905639648437499778e-01 8.337987065315246582e-01
3.740391712635755816e-02 9.905273437499999556e-01 8.304362893104553223e-01
3.740393947809934894e-02 9.906616210937500000e-01 8.300289511680603027e-01
3.685890790075063705e-02 9.907958984375000444e-01 8.290738463401794434e-01
3.737622117623686652e-02 9.906616210937500000e-01 8.336283564567565918e-01
3.678951431065798083e-02 9.907775878906249778e-01 8.276889920234680176e-01
3.692924343049526492e-02 9.905700683593750000e-01 8.307479023933410645e-01
3.716080021113157134e-02 9.907104492187499556e-01 8.266850113868713379e-01
3.786005666479468068e-02 9.904846191406250222e-01 8.252979516983032227e-01
3.642794229090214053e-02 9.909118652343750222e-01 8.286725878715515137e-01
3.768227566033601622e-02 9.906982421875000222e-01 8.282861113548278809e-01
3.702807370573282103e-02 9.907165527343749778e-01 8.298157453536987305e-01
3.748244885355234146e-02 9.906860351562499778e-01 8.277763724327087402e-01
3.723335303366184096e-02 9.907043457031250444e-01 8.271005153656005859e-01
