4.406762905418872694e-02 9.889953613281250444e-01 7.710117697715759277e-01
3.594351150095462938e-02 9.904846191406250222e-01 8.257232904434204102e-01
3.966096825897693495e-02 9.899475097656249556e-01 7.417927980422973633e-01
3.657494466751813611e-02 9.894653320312499778e-01 8.329589366912841797e-01
3.694243170320987701e-02 9.899841308593749778e-01 8.008661866188049316e-01
3.625488579273224155e-02 9.911193847656250000e-01 8.441768884658813477e-01
3.581662643700837811e-02 9.909545898437499556e-01 8.359591960906982422e-01
3.624569382518529753e-02 9.902832031249999556e-01 8.261562585830688477e-01
3.768066540360450606e-02 9.906494140624999556e-01 8.270128965377807617e-01
3.741601686924696246e-02 9.904846191406250222e-01 8.353571295738220215e-01
3.846106585115194321e-02 9.903930664062500222e-01 8.357886075973510742e-01
3.955701030790805678e-02 9.908691406249999778e-01 8.386181592941284180e-01
3.540026415139436999e-02 9.908813476562500222e-01 8.354793787002563477e-01
3.604464903473854342e-02 9.911193847656250000e-01 8.128544092178344727e-01
3.864862564951181134e-02 9.903564453125000000e-01 8.414881825447082520e-01
3.753452189266681671e-02 9.911193847656250000e-01 8.358187079429626465e-01
3.887951802462339540e-02 9.898620605468749778e-01 8.265508413314819336e-01
3.819144498556852063e-02 9.907897949218750222e-01 8.428466320037841797e-01
3.909456171095371246e-02 9.911010742187500444e-01 8.411642313003540039e-01
4.080403298139571866e-02 9.905639648437499778e-01 8.340122103691101074e-01
4.145543556660413742e-02 9.901123046875000000e-01 8.276935815811157227e-01
4.003838635981082916e-02 9.906555175781249778e-01 8.241345882415771484e-01
3.967853095382452289e-02 9.906738281250000444e-01 8.279197216033935547e-01
4.010183941572904864e-02 9.907409667968749556e-01 8.265513777732849121e-01
3.955928608775138855e-02 9.907775878906249778e-01 8.428547978401184082e-01
4.008117578923701962e-02 9.908630371093749556e-01 8.396952748298645020e-01
3.986055478453635892e-02 9.909973144531250000e-01 8.426151871681213379e-01
4.063539803028106551e-02 9.904113769531249778e-01 8.241326212882995605e-01
4.065788220614195009e-02 9.905761718750000222e-01 8.101888895034790039e-01
4.020106997340917865e-02 9.905273437499999556e-01 8.179472684860229492e-01
4.003072502091527263e-02 9.908874511718750444e-01 8.223289847373962402e-01
4.000533837825059891e-02 9.908203125000000222e-01 8.283702731132507324e-01
4.032161161303519925e-02 9.908691406249999778e-01 8.337773084640502930e-01
3.894870094954967776e-02 9.906494140624999556e-01 8.004112839698791504e-01
3.984896317124366621e-02 9.906555175781249778e-01 8.183257579803466797e-01
3.970370814204216003e-02 9.907592773437500222e-01 8.087139725685119629e-01
4.034022260457277576e-02 9.904174804687500000e-01 8.010103702545166016e-01
4.033106397837400714e-02 9.906066894531250222e-01 8.369795680046081543e-01
4.023979678750037869e-02 9.908752441406250000e-01 8.420690298080444336e-01
4.048049356788396835e-02 9.908081054687499778e-01 8.123303055763244629e-01
4.010657239705324451e-02 9.908081054687499778e-01 8.064515590667724609e-01
4.090621229261159897e-02 9.907653808593750444e-01 8.188003897666931152e-01
4.083024021238088747e-02 9.907897949218750222e-01 8.346303701400756836e-01
