3.666365323588252068e-01 9.702839851379394531e-01 7.755676507949829102e-01
2.015332604059949517e-01 9.739170074462890625e-01 8.338047266006469727e-01
1.247766177402809262e-01 9.799332618713378906e-01 8.755956888198852539e-01
9.620575443841516972e-02 9.821410179138183594e-01 8.954304456710815430e-01
9.210848223301582038e-02 9.778800010681152344e-01 8.806505203247070312e-01
6.866555876331403852e-02 9.839525222778320312e-01 9.140616059303283691e-01
6.577108282363042235e-02 9.828114509582519531e-01 9.022105336189270020e-01
5.913925028289668262e-02 9.829373359680175781e-01 9.100005626678466797e-01
5.022261149133555591e-02 9.860777854919433594e-01 9.249830245971679688e-01
5.511508951894938946e-02 9.837164878845214844e-01 9.164652824401855469e-01
5.152224084304179996e-02 9.854297637939453125e-01 9.183216691017150879e-01
4.540887253824621439e-02 9.861440658569335938e-01 9.194141626358032227e-01
4.586177552118897438e-02 9.853982925415039062e-01 9.245810508728027344e-01
5.318742162489797920e-02 9.843387603759765625e-01 9.122222065925598145e-01
4.607271566055715084e-02 9.853129386901855469e-01 9.145636558532714844e-01
4.041979571047704667e-02 9.869751930236816406e-01 9.269036054611206055e-01
3.941484985989518464e-02 9.872455596923828125e-01 9.280293583869934082e-01
4.145685686671640724e-02 9.867959022521972656e-01 9.319370985031127930e-01
4.261852927447762340e-02 9.864811897277832031e-01 9.245732426643371582e-01
3.726227289007510990e-02 9.874963760375976562e-01 9.297416210174560547e-01
3.850825775589328259e-02 9.871282577514648438e-01 9.266095161437988281e-01
4.067451630544383079e-02 9.868903160095214844e-01 9.259827733039855957e-01
3.398770192143274471e-02 9.884471893310546875e-01 9.367378950119018555e-01
3.634644610428949818e-02 9.874720573425292969e-01 9.275724291801452637e-01
3.527330570068443194e-02 9.876613616943359375e-01 9.303625822067260742e-01
3.389799017895711586e-02 9.879736900329589844e-01 9.299016594886779785e-01
3.641601018171058968e-02 9.873127937316894531e-01 9.220032691955566406e-01
3.439105070719961077e-02 9.877667427062988281e-01 9.307480454444885254e-01
3.375799861532868817e-02 9.884352684020996094e-01 9.349625706672668457e-01
3.507003776030614972e-02 9.880366325378417969e-01 9.291083216667175293e-01
3.384184856986394152e-02 9.883971214294433594e-01 9.331263303756713867e-01
3.452403659321134910e-02 9.880213737487792969e-01 9.304338693618774414e-01
3.342830450856126845e-02 9.885196685791015625e-01 9.360610842704772949e-01
3.338990508927963674e-02 9.883513450622558594e-01 9.338538050651550293e-01
3.414409395190887153e-02 9.881854057312011719e-01 9.331458210945129395e-01
3.398876972642028704e-02 9.882864952087402344e-01 9.347212910652160645e-01
3.246822844812413678e-02 9.889259338378906250e-01 9.388031959533691406e-01
3.223666572739602998e-02 9.888796806335449219e-01 9.379011988639831543e-01
3.337652698246529326e-02 9.882793426513671875e-01 9.330158829689025879e-01
3.230210470792371780e-02 9.888591766357421875e-01 9.385406970977783203e-01
3.268863489938667044e-02 9.887456893920898438e-01 9.373371005058288574e-01
3.430362867948133498e-02 9.881038665771484375e-01 9.313149452209472656e-01
3.239325601316522807e-02 9.887962341308593750e-01 9.364161491394042969e-01
3.294289317273069173e-02 9.888148307800292969e-01 9.363759160041809082e-01
3.377804063347866759e-02 9.885301589965820312e-01 9.349399805068969727e-01
3.375223193870624527e-02 9.884843826293945312e-01 9.340872764587402344e-01
3.276917324546957389e-02 9.888420104980468750e-01 9.366213083267211914e-01
3.348860691039590165e-02 9.886631965637207031e-01 9.347639679908752441e-01
3.338892837928142399e-02 9.885797500610351562e-01 9.342315196990966797e-01
3.273206493759062141e-02 9.887733459472656250e-01 9.360890388488769531e-01
3.250679446500726044e-02 9.889240264892578125e-01 9.375580549240112305e-01
3.314930231863399968e-02 9.885940551757812500e-01 9.353495240211486816e-01
3.287757653743028641e-02 9.887313842773437500e-01 9.351741075515747070e-01
3.315561119234189391e-02 9.885535240173339844e-01 9.348908066749572754e-01
3.288971717847744003e-02 9.887332916259765625e-01 9.354346394538879395e-01
3.342960423469776288e-02 9.886207580566406250e-01 9.337906837463378906e-01
3.267904971653479151e-02 9.888658523559570312e-01 9.367170929908752441e-01
3.324764593708096072e-02 9.886550903320312500e-01 9.339436292648315430e-01
3.251441395696019754e-02 9.889116287231445312e-01 9.375616312026977539e-01
3.283549568732269108e-02 9.887995719909667969e-01 9.366164803504943848e-01
3.313647752656834200e-02 9.886765480041503906e-01 9.362495541572570801e-01
3.241824769065715373e-02 9.889574050903320312e-01 9.380943179130554199e-01
3.283273013221332803e-02 9.887237548828125000e-01 9.352939128875732422e-01
3.290629538241773844e-02 9.888572692871093750e-01 9.364637136459350586e-01
3.231941385456593707e-02 9.889750480651855469e-01 9.373708963394165039e-01
3.271910118201049045e-02 9.888854026794433594e-01 9.376586079597473145e-01
3.349048568634316325e-02 9.885754585266113281e-01 9.334431290626525879e-01
3.245755490934243426e-02 9.888868331909179688e-01 9.364797472953796387e-01
