3.877341283950954676e-01 9.657707214355468750e-01 7.718632817268371582e-01
2.107493393123149872e-01 9.722304344177246094e-01 8.129383325576782227e-01
1.257662070565856993e-01 9.800930023193359375e-01 8.741409182548522949e-01
1.032817868399433792e-01 9.814596176147460938e-01 8.834244012832641602e-01
8.233522609225474298e-02 9.816169738769531250e-01 8.922597765922546387e-01
6.729739709408022463e-02 9.848413467407226562e-01 9.125602245330810547e-01
6.400147298700176179e-02 9.835987091064453125e-01 9.032692909240722656e-01
5.374535961891524494e-02 9.858007431030273438e-01 9.199774861335754395e-01
5.303139289026148617e-02 9.833369255065917969e-01 9.075147509574890137e-01
4.868298216024413705e-02 9.851679801940917969e-01 9.209817051887512207e-01
4.825478847487829626e-02 9.857492446899414062e-01 9.182490110397338867e-01
4.643339102040044963e-02 9.861850738525390625e-01 9.240411520004272461e-01
4.561589678633026779e-02 9.861392974853515625e-01 9.255115389823913574e-01
5.196803112630732358e-02 9.827313423156738281e-01 9.017853736877441406e-01
4.685161828820127994e-02 9.842500686645507812e-01 9.164435267448425293e-01
3.816989097686018795e-02 9.879012107849121094e-01 9.344935417175292969e-01
3.790240727539639920e-02 9.878664016723632812e-01 9.343197941780090332e-01
3.762245069083292037e-02 9.876136779785156250e-01 9.331364631652832031e-01
3.677996811165940017e-02 9.876742362976074219e-01 9.336972236633300781e-01
3.714985754049848765e-02 9.877867698669433594e-01 9.300116300582885742e-01
3.563003879389725626e-02 9.880971908569335938e-01 9.337471723556518555e-01
3.539871531393146142e-02 9.879221916198730469e-01 9.320585131645202637e-01
3.753121648333035409e-02 9.874796867370605469e-01 9.277808666229248047e-01
3.476828632119577378e-02 9.884557723999023438e-01 9.358936548233032227e-01
3.751650649064686149e-02 9.871053695678710938e-01 9.223886728286743164e-01
3.552055780164664611e-02 9.878916740417480469e-01 9.305718541145324707e-01
3.402807164093246683e-02 9.885773658752441406e-01 9.363362789154052734e-01
3.507665394863579422e-02 9.881143569946289062e-01 9.301286935806274414e-01
3.569273407629225403e-02 9.878578186035156250e-01 9.281758069992065430e-01
3.474860912683652714e-02 9.879889488220214844e-01 9.306641221046447754e-01
3.430344571825116873e-02 9.881072044372558594e-01 9.355290532112121582e-01
3.487082238279981539e-02 9.881610870361328125e-01 9.334567189216613770e-01
3.509121653041802347e-02 9.882726669311523438e-01 9.327512383460998535e-01
3.524293695227243006e-02 9.882230758666992188e-01 9.311218857765197754e-01
3.409688668762100860e-02 9.885149002075195312e-01 9.364976882934570312e-01
3.371219601831398904e-02 9.886345863342285156e-01 9.377786517143249512e-01
3.368860488262725994e-02 9.885025024414062500e-01 9.340658187866210938e-01
3.398970144189661369e-02 9.886059761047363281e-01 9.356051087379455566e-01
3.438422006001928821e-02 9.884543418884277344e-01 9.356143474578857422e-01
3.494496729399543256e-02 9.883160591125488281e-01 9.316147565841674805e-01
3.278302135004196316e-02 9.887976646423339844e-01 9.376924037933349609e-01
3.424579654529225081e-02 9.882569313049316406e-01 9.342988729476928711e-01
3.392842263565398753e-02 9.885492324829101562e-01 9.329248070716857910e-01
3.312910263775847852e-02 9.888181686401367188e-01 9.366232752799987793e-01
3.386979202332440764e-02 9.886169433593750000e-01 9.359880685806274414e-01
3.397926235629711300e-02 9.884390830993652344e-01 9.355725049972534180e-01
3.376327053410932422e-02 9.885549545288085938e-01 9.351369738578796387e-01
3.372969459451269358e-02 9.885892868041992188e-01 9.354024529457092285e-01
3.443137676367769018e-02 9.884195327758789062e-01 9.354386329650878906e-01
3.323131132492562756e-02 9.888257980346679688e-01 9.375685453414916992e-01
3.494169744953978807e-02 9.881801605224609375e-01 9.315128326416015625e-01
3.414587117731571198e-02 9.885916709899902344e-01 9.353777170181274414e-01
3.365815827419282869e-02 9.885668754577636719e-01 9.352546334266662598e-01
3.331232117488980293e-02 9.887285232543945312e-01 9.379789233207702637e-01
3.333301287784706801e-02 9.887704849243164062e-01 9.365022182464599609e-01
3.414718843123409897e-02 9.885287284851074219e-01 9.336813688278198242e-01
3.443747185519896448e-02 9.884676933288574219e-01 9.341382980346679688e-01
3.404382830922259018e-02 9.886264801025390625e-01 9.358650445938110352e-01
3.465641851653344929e-02 9.882144927978515625e-01 9.324722886085510254e-01
3.446744808024959639e-02 9.883499145507812500e-01 9.317331910133361816e-01
3.381336700840620324e-02 9.885730743408203125e-01 9.331337213516235352e-01
3.492744388495339081e-02 9.883394241333007812e-01 9.308441281318664551e-01
3.395009397354442626e-02 9.885683059692382812e-01 9.342024922370910645e-01
3.403883396822493523e-02 9.885911941528320312e-01 9.334427118301391602e-01
3.379584392678225413e-02 9.886932373046875000e-01 9.354326128959655762e-01
3.325476803729543462e-02 9.888925552368164062e-01 9.377871155738830566e-01
3.358314037905074656e-02 9.887652397155761719e-01 9.353035688400268555e-01
3.429588497965596616e-02 9.885621070861816406e-01 9.340837001800537109e-01
3.398575248138513416e-02 9.885764122009277344e-01 9.342896938323974609e-01
3.399125262512825429e-02 9.884462356567382812e-01 9.335380196571350098e-01
3.369023202685639262e-02 9.887537956237792969e-01 9.358458518981933594e-01
