5.765525884926318845e-02 9.827453613281249556e-01 7.281094193458557129e-01
3.762594852596521516e-02 9.906005859375000000e-01 8.128233551979064941e-01
4.113439675420522967e-02 9.896667480468750444e-01 8.196457028388977051e-01
4.097706079483032227e-02 9.882995605468749556e-01 7.738350629806518555e-01
3.824960887432098111e-02 9.901123046875000000e-01 8.260762691497802734e-01
3.750705327838659009e-02 9.902893066406249778e-01 8.164408802986145020e-01
3.986080270260572433e-02 9.888732910156250444e-01 8.205993175506591797e-01
3.675274904817342481e-02 9.902282714843749778e-01 8.110015392303466797e-01
4.128158167004584989e-02 9.894775390625000222e-01 7.863510847091674805e-01
3.610213380306959152e-02 9.901306152343749556e-01 8.095104694366455078e-01
3.793213460594415526e-02 9.900878906250000222e-01 8.090990781784057617e-01
3.794579319655895511e-02 9.895202636718749556e-01 8.179223537445068359e-01
3.867225255817174911e-02 9.905944824218749778e-01 8.186322450637817383e-01
4.140761326998472491e-02 9.892883300781250000e-01 8.146131038665771484e-01
3.858002815395593366e-02 9.903198242187499778e-01 8.091424107551574707e-01
3.753662053495645384e-02 9.903869628906250000e-01 8.165636658668518066e-01
3.755951412022114078e-02 9.900268554687500222e-01 8.126450181007385254e-01
3.849669080227613449e-02 9.901489257812500222e-01 8.056031465530395508e-01
3.873678185045718869e-02 9.903869628906250000e-01 8.046761155128479004e-01
3.641183618456125121e-02 9.903259277343750000e-01 8.205894827842712402e-01
3.771948423236608228e-02 9.903442382812499556e-01 8.133564591407775879e-01
3.774307519197463850e-02 9.902343750000000000e-01 8.176167011260986328e-01
3.944419045001268387e-02 9.906677246093750222e-01 8.188204169273376465e-01
3.766522463411092758e-02 9.906555175781249778e-01 8.188847899436950684e-01
3.745144363492727141e-02 9.904907226562500444e-01 8.166659474372863770e-01
3.962818402796983858e-02 9.903076171875000444e-01 7.930999994277954102e-01
3.860029280185699185e-02 9.905212402343750444e-01 7.840523123741149902e-01
3.978573437780141830e-02 9.904785156250000000e-01 7.646912336349487305e-01
3.855355158448219022e-02 9.904907226562500444e-01 7.735655903816223145e-01
3.891216665506362637e-02 9.904174804687500000e-01 7.699025273323059082e-01
3.969840165227651874e-02 9.904663085937499556e-01 7.755059003829956055e-01
3.743216041475534717e-02 9.905883789062499556e-01 7.862741351127624512e-01
3.774143438786268373e-02 9.904968261718749556e-01 7.588312625885009766e-01
3.933308515697717805e-02 9.904052734374999556e-01 7.394794821739196777e-01
3.836781531572341919e-02 9.904235839843750222e-01 7.743566036224365234e-01
3.869483657181262831e-02 9.904296875000000444e-01 7.763466238975524902e-01
4.039408303797244887e-02 9.904785156250000000e-01 7.717326283454895020e-01
4.020477160811423978e-02 9.900268554687500222e-01 7.668284177780151367e-01
3.776802439242601256e-02 9.905395507812500000e-01 7.669222354888916016e-01
3.801291305571794649e-02 9.904418945312499778e-01 7.714788317680358887e-01
