3.988365016411989927e-01 9.606175422668457031e-01 7.436085939407348633e-01
2.058891770429909229e-01 9.729824066162109375e-01 8.400967121124267578e-01
1.415927621419541538e-01 9.746913909912109375e-01 8.561387658119201660e-01
1.085724959266372025e-01 9.753422737121582031e-01 8.665308952331542969e-01
1.270961930276826024e-01 9.655089378356933594e-01 8.399743437767028809e-01
6.949991293367929757e-02 9.837265014648437500e-01 9.120437502861022949e-01
6.225906056351959705e-02 9.842538833618164062e-01 9.073139429092407227e-01
6.219543618499301374e-02 9.832248687744140625e-01 9.065774679183959961e-01
6.215821445221081376e-02 9.826927185058593750e-01 8.932229876518249512e-01
5.296793722664006054e-02 9.839019775390625000e-01 9.115322232246398926e-01
5.587302694038953632e-02 9.838209152221679688e-01 9.074801206588745117e-01
5.014883737021591514e-02 9.847946166992187500e-01 9.211093187332153320e-01
4.668024196871556342e-02 9.845547676086425781e-01 9.110698699951171875e-01
4.473502899054437876e-02 9.853925704956054688e-01 9.153311848640441895e-01
4.401292606780771166e-02 9.862427711486816406e-01 9.209486246109008789e-01
4.131124496052507311e-02 9.867515563964843750e-01 9.273698925971984863e-01
4.260628983320202678e-02 9.860830307006835938e-01 9.223738312721252441e-01
4.386584617896005511e-02 9.855799674987792969e-01 9.174577593803405762e-01
4.335747506411280483e-02 9.855694770812988281e-01 9.162911176681518555e-01
3.980829601641744375e-02 9.866404533386230469e-01 9.274507164955139160e-01
3.899608105712104589e-02 9.869451522827148438e-01 9.276289939880371094e-01
4.032376655959524214e-02 9.864864349365234375e-01 9.270239472389221191e-01
3.605494690418709069e-02 9.877190589904785156e-01 9.317512512207031250e-01
3.950271850771969184e-02 9.864487648010253906e-01 9.208851456642150879e-01
3.852558754442725331e-02 9.871301651000976562e-01 9.284435510635375977e-01
3.757274066447280347e-02 9.872908592224121094e-01 9.286541938781738281e-01
3.920917099458165467e-02 9.866528511047363281e-01 9.242851138114929199e-01
4.031368538562674075e-02 9.864997863769531250e-01 9.182219505310058594e-01
3.776347878738306463e-02 9.872756004333496094e-01 9.276981949806213379e-01
3.821565410908078775e-02 9.870715141296386719e-01 9.248864650726318359e-01
3.998820629203692079e-02 9.862422943115234375e-01 9.161171913146972656e-01
3.949927297071553767e-02 9.865460395812988281e-01 9.205008149147033691e-01
3.741400657600024715e-02 9.872193336486816406e-01 9.267807602882385254e-01
3.717441533808596432e-02 9.875111579895019531e-01 9.303868412971496582e-01
3.763674922811333090e-02 9.871616363525390625e-01 9.248709678649902344e-01
4.046908825694117695e-02 9.863162040710449219e-01 9.154615998268127441e-01
3.885866577911656350e-02 9.866724014282226562e-01 9.200056791305541992e-01
3.774700702342670411e-02 9.871788024902343750e-01 9.269649386405944824e-01
3.637295763473957777e-02 9.875020980834960938e-01 9.276393055915832520e-01
3.673021317081293091e-02 9.876070022583007812e-01 9.298059940338134766e-01
3.769768884376389906e-02 9.871869087219238281e-01 9.250451922416687012e-01
3.679156912403414026e-02 9.874515533447265625e-01 9.285379052162170410e-01
3.756393242656486109e-02 9.871625900268554688e-01 9.264399409294128418e-01
3.833438725268933922e-02 9.869632720947265625e-01 9.222417473793029785e-01
3.840550107997842133e-02 9.868273735046386719e-01 9.213383793830871582e-01
3.723952814470976591e-02 9.872226715087890625e-01 9.232085347175598145e-01
3.762493204703787342e-02 9.871740341186523438e-01 9.235953092575073242e-01
3.656416217563673854e-02 9.875321388244628906e-01 9.274332523345947266e-01
3.806998036452569067e-02 9.870672225952148438e-01 9.247126579284667969e-01
3.758155430841725320e-02 9.871306419372558594e-01 9.219184517860412598e-01
3.973020293051376939e-02 9.865374565124511719e-01 9.180948138236999512e-01
3.820609497779514641e-02 9.871330261230468750e-01 9.220668077468872070e-01
3.747277655202196911e-02 9.871735572814941406e-01 9.241458177566528320e-01
