4.389631859958172122e-02 9.866455078125000444e-01 7.561313509941101074e-01
4.248955324292182784e-02 9.876953124999999778e-01 7.727980017662048340e-01
3.734216708689928194e-02 9.898193359375000444e-01 7.718931436538696289e-01
4.890630040317774097e-02 9.853149414062499778e-01 8.024805188179016113e-01
4.757259879261255264e-02 9.868835449218750222e-01 7.449283003807067871e-01
3.996890913695096831e-02 9.891906738281249778e-01 8.215709924697875977e-01
3.526913933455944061e-02 9.898315429687499778e-01 8.302070498466491699e-01
4.107434730976820131e-02 9.894531250000000444e-01 7.680323719978332520e-01
3.753535673022270064e-02 9.897766113281250000e-01 8.372810482978820801e-01
4.113063700497150699e-02 9.888183593749999556e-01 7.852632403373718262e-01
3.909096103161573132e-02 9.901794433593750222e-01 8.183499574661254883e-01
4.103144556283951083e-02 9.881286621093750000e-01 7.977411150932312012e-01
4.028379302471876006e-02 9.897827148437500222e-01 8.065255284309387207e-01
3.855448570102452954e-02 9.895874023437499778e-01 8.163727521896362305e-01
3.630289155989885330e-02 9.900512695312500000e-01 8.284924030303955078e-01
3.900277502834796628e-02 9.903015136718750222e-01 7.928821444511413574e-01
3.883449062705039700e-02 9.901000976562499556e-01 8.121249675750732422e-01
3.820389099419117113e-02 9.909118652343750222e-01 8.194931149482727051e-01
3.731821831315755567e-02 9.908020019531249556e-01 8.084343075752258301e-01
3.992418963462114612e-02 9.900756835937499778e-01 8.114944696426391602e-01
3.775305002927779874e-02 9.905029296874999778e-01 8.163239359855651855e-01
3.866082374006509642e-02 9.900939941406250444e-01 8.138119578361511230e-01
3.946357760578393659e-02 9.902221679687499556e-01 8.096247315406799316e-01
4.057047460228204588e-02 9.898376464843750000e-01 8.240286707878112793e-01
3.947559501975774626e-02 9.905944824218749778e-01 8.261082768440246582e-01
3.854969125241040906e-02 9.905578613281249556e-01 8.183073401451110840e-01
3.930459152907132825e-02 9.903686523437500444e-01 8.139163851737976074e-01
3.960115425288677354e-02 9.902465820312500444e-01 8.117778301239013672e-01
3.806179519742727141e-02 9.905273437499999556e-01 8.152425289154052734e-01
3.918759133666753491e-02 9.903442382812499556e-01 8.093315362930297852e-01
3.862377032637596269e-02 9.905456542968750222e-01 8.226351141929626465e-01
3.915286008268594603e-02 9.905761718750000222e-01 8.170644640922546387e-01
4.039508923888206204e-02 9.902893066406249778e-01 8.127575516700744629e-01
3.797895777970552306e-02 9.910644531250000222e-01 8.171440362930297852e-01
3.969559334218501767e-02 9.901855468750000444e-01 7.884460091590881348e-01
4.002973176538944522e-02 9.900451660156249778e-01 7.828735709190368652e-01
3.931859470903873582e-02 9.905944824218749778e-01 8.104187250137329102e-01
