3.777608927339315414e-01 9.723110198974609375e-01 7.862446904182434082e-01
2.582409726455807686e-01 9.576911926269531250e-01 7.786585092544555664e-01
1.515981142292730510e-01 9.768357276916503906e-01 8.489140868186950684e-01
1.027242855052463710e-01 9.792108535766601562e-01 8.452690839767456055e-01
9.884311805944889784e-02 9.773044586181640625e-01 8.695749044418334961e-01
6.180222754483111203e-02 9.860501289367675781e-01 9.219945073127746582e-01
5.743585570598952472e-02 9.855413436889648438e-01 9.189679622650146484e-01
6.545728008495643735e-02 9.818296432495117188e-01 9.001885056495666504e-01
4.913318359467666596e-02 9.865207672119140625e-01 9.238312840461730957e-01
4.610453786153811961e-02 9.861249923706054688e-01 9.268160462379455566e-01
4.335521861503366381e-02 9.869585037231445312e-01 9.310650825500488281e-01
4.438256494177039713e-02 9.865946769714355469e-01 9.255102872848510742e-01
4.009348212275654078e-02 9.871497154235839844e-01 9.278582334518432617e-01
4.133529488899512216e-02 9.865884780883789062e-01 9.285085201263427734e-01
4.043289147375617176e-02 9.873313903808593750e-01 9.358658790588378906e-01
4.180294235993642360e-02 9.867653846740722656e-01 9.297589063644409180e-01
3.663085118751041591e-02 9.878787994384765625e-01 9.377744793891906738e-01
3.503491725132334977e-02 9.883484840393066406e-01 9.407069683074951172e-01
3.603698874212568626e-02 9.878540039062500000e-01 9.291349053382873535e-01
3.599004536226857454e-02 9.877915382385253906e-01 9.341371059417724609e-01
3.350675206456799060e-02 9.887499809265136719e-01 9.397655725479125977e-01
3.594226465793326497e-02 9.879527091979980469e-01 9.346209168434143066e-01
3.571839831420220435e-02 9.881143569946289062e-01 9.335113763809204102e-01
3.286893964832415804e-02 9.887208938598632812e-01 9.414203763008117676e-01
3.363178789004450664e-02 9.879713058471679688e-01 9.364035725593566895e-01
3.315308588207699358e-02 9.885149002075195312e-01 9.401178956031799316e-01
3.239523218508111313e-02 9.886507987976074219e-01 9.414020776748657227e-01
3.462672789464704692e-02 9.881677627563476562e-01 9.367531538009643555e-01
3.386580433289054781e-02 9.884958267211914062e-01 9.382445812225341797e-01
3.232838278199778870e-02 9.889731407165527344e-01 9.425325393676757812e-01
3.132262864528456703e-02 9.890789985656738281e-01 9.428355693817138672e-01
3.299649394466541708e-02 9.886736869812011719e-01 9.385236501693725586e-01
3.285930301353801042e-02 9.885063171386718750e-01 9.372282624244689941e-01
3.158712342701619491e-02 9.888930320739746094e-01 9.399306774139404297e-01
3.211167448171181604e-02 9.887428283691406250e-01 9.392592906951904297e-01
3.170384119584923610e-02 9.889011383056640625e-01 9.406611919403076172e-01
3.115283069928409532e-02 9.891161918640136719e-01 9.427101016044616699e-01
3.119476713618496433e-02 9.890103340148925781e-01 9.418702125549316406e-01
3.160650945937959477e-02 9.892501831054687500e-01 9.427693486213684082e-01
3.184771708765765652e-02 9.889349937438964844e-01 9.408941864967346191e-01
3.117964770353864878e-02 9.888930320739746094e-01 9.412908554077148438e-01
3.164914211083669215e-02 9.890828132629394531e-01 9.410099983215332031e-01
3.201384589192457497e-02 9.888567924499511719e-01 9.401732087135314941e-01
3.090014806366525590e-02 9.891266822814941406e-01 9.419341087341308594e-01
3.188402324303751811e-02 9.887113571166992188e-01 9.389355182647705078e-01
3.196962324727792293e-02 9.890618324279785156e-01 9.404083490371704102e-01
3.159998664341401309e-02 9.890871047973632812e-01 9.413269758224487305e-01
3.171101985208224505e-02 9.888925552368164062e-01 9.402129054069519043e-01
3.115934322704561055e-02 9.893827438354492188e-01 9.436831474304199219e-01
3.170479201071429998e-02 9.891386032104492188e-01 9.420181512832641602e-01
3.100445307063637301e-02 9.891734123229980469e-01 9.424374699592590332e-01
3.111985944269690663e-02 9.893727302551269531e-01 9.432158470153808594e-01
3.118311126308981329e-02 9.891352653503417969e-01 9.434152841567993164e-01
3.116664859408047050e-02 9.892740249633789062e-01 9.430435299873352051e-01
3.187461979541694745e-02 9.890475273132324219e-01 9.409990906715393066e-01
3.167313344602007419e-02 9.891099929809570312e-01 9.420145750045776367e-01
3.146085971093270928e-02 9.893035888671875000e-01 9.426514506340026855e-01
3.162925309152342379e-02 9.890031814575195312e-01 9.419181346893310547e-01
3.110354315140284598e-02 9.892187118530273438e-01 9.430372118949890137e-01
3.123870705894660205e-02 9.893593788146972656e-01 9.429339170455932617e-01
3.108484493714058772e-02 9.893221855163574219e-01 9.435210227966308594e-01
3.156739364203531295e-02 9.891443252563476562e-01 9.417968988418579102e-01
3.193264385481597856e-02 9.890542030334472656e-01 9.400904774665832520e-01
3.122650525619974360e-02 9.892458915710449219e-01 9.429625272750854492e-01
3.109356522327288985e-02 9.892792701721191406e-01 9.425202012062072754e-01
3.092102938535390422e-02 9.893875122070312500e-01 9.440160393714904785e-01
3.166574513306841254e-02 9.890861511230468750e-01 9.417510032653808594e-01
3.153038100572302938e-02 9.890766143798828125e-01 9.426763653755187988e-01
3.132100997027009726e-02 9.892249107360839844e-01 9.428757429122924805e-01
3.159255957143614069e-02 9.890880584716796875e-01 9.408174753189086914e-01
3.218812710838392377e-02 9.890403747558593750e-01 9.406853318214416504e-01
3.116866813797969371e-02 9.891929626464843750e-01 9.424269795417785645e-01
3.097697789780795574e-02 9.893703460693359375e-01 9.438640475273132324e-01
3.113865888735745102e-02 9.892201423645019531e-01 9.422434568405151367e-01
