4.994996774476021528e-01 9.325299263000488281e-01 6.674424409866333008e-01
2.527934851823374629e-01 9.563622474670410156e-01 7.686815857887268066e-01
2.167636896483600140e-01 9.510807991027832031e-01 7.628613114356994629e-01
1.697817785898223519e-01 9.580187797546386719e-01 7.898457050323486328e-01
1.173239405325148255e-01 9.679756164550781250e-01 8.272606730461120605e-01
1.027145829284563661e-01 9.700202941894531250e-01 8.310111761093139648e-01
8.375696357688866556e-02 9.757905006408691406e-01 8.599026799201965332e-01
7.829504614346660674e-02 9.763064384460449219e-01 8.608971238136291504e-01
8.276649564504623413e-02 9.752354621887207031e-01 8.586518764495849609e-01
7.491822764859534800e-02 9.762730598449707031e-01 8.624354600906372070e-01
7.498734604450874031e-02 9.763092994689941406e-01 8.625351190567016602e-01
6.725118029862642288e-02 9.790267944335937500e-01 8.757598996162414551e-01
6.620850964100100100e-02 9.790573120117187500e-01 8.802925944328308105e-01
6.452952133258804679e-02 9.792561531066894531e-01 8.799420595169067383e-01
6.331381382187828422e-02 9.790787696838378906e-01 8.787900209426879883e-01
5.815867806086316705e-02 9.808993339538574219e-01 8.925845026969909668e-01
6.314953697437886149e-02 9.791107177734375000e-01 8.820330500602722168e-01
5.466208659345284104e-02 9.818873405456542969e-01 8.949156403541564941e-01
6.175025299307890236e-02 9.804544448852539062e-01 8.845766782760620117e-01
6.107973352482076734e-02 9.796042442321777344e-01 8.852066993713378906e-01
5.413377328659407794e-02 9.823288917541503906e-01 8.995798230171203613e-01
5.438809633778873831e-02 9.821557998657226562e-01 8.994214534759521484e-01
5.431313892768230289e-02 9.822568893432617188e-01 8.998256921768188477e-01
5.278089892817661166e-02 9.826698303222656250e-01 9.022234678268432617e-01
5.378248897613957524e-02 9.821782112121582031e-01 9.003649353981018066e-01
5.040724095306359231e-02 9.830622673034667969e-01 9.035847783088684082e-01
5.006931687239557505e-02 9.833765029907226562e-01 9.068791866302490234e-01
4.873252705874620005e-02 9.835577011108398438e-01 9.070194959640502930e-01
5.645020600059069693e-02 9.818015098571777344e-01 8.954627513885498047e-01
5.196260925004025921e-02 9.827132225036621094e-01 9.001241922378540039e-01
4.957435368851292878e-02 9.837040901184082031e-01 9.074423909187316895e-01
5.101472596288658679e-02 9.828972816467285156e-01 9.044656753540039062e-01
5.016728774353396147e-02 9.835906028747558594e-01 9.071170091629028320e-01
4.876369495468679816e-02 9.838128089904785156e-01 9.089391231536865234e-01
5.068672745255753398e-02 9.837255477905273438e-01 9.093654155731201172e-01
4.798213125468464568e-02 9.840011596679687500e-01 9.091563224792480469e-01
5.072680298326304182e-02 9.834713935852050781e-01 9.066115021705627441e-01
5.101157382887322456e-02 9.834175109863281250e-01 9.063509106636047363e-01
5.228951419121585786e-02 9.830980300903320312e-01 9.039755463600158691e-01
4.841711811604909599e-02 9.837913513183593750e-01 9.105693697929382324e-01
4.887920673354528844e-02 9.837388992309570312e-01 9.077065587043762207e-01
4.903613869100809097e-02 9.839358329772949219e-01 9.105466008186340332e-01
4.730152589036151767e-02 9.841861724853515625e-01 9.128355979919433594e-01
4.835755666135810316e-02 9.841713905334472656e-01 9.125202894210815430e-01
4.739079104911070317e-02 9.842596054077148438e-01 9.115059375762939453e-01
4.896441631717607379e-02 9.837412834167480469e-01 9.085180759429931641e-01
4.911442968295887113e-02 9.838495254516601562e-01 9.092469215393066406e-01
4.836631700163707137e-02 9.838714599609375000e-01 9.092599749565124512e-01
4.753880987118463963e-02 9.841146469116210938e-01 9.114159345626831055e-01
4.754247564414981753e-02 9.842052459716796875e-01 9.109252095222473145e-01
4.687915639078710228e-02 9.844484329223632812e-01 9.129664897918701172e-01
4.886855521181132644e-02 9.841084480285644531e-01 9.104272723197937012e-01
4.798941776243736967e-02 9.840102195739746094e-01 9.109889864921569824e-01
4.802150781324598938e-02 9.840044975280761719e-01 9.103437662124633789e-01
4.672082632168894634e-02 9.845199584960937500e-01 9.144902229309082031e-01
4.846509605704341084e-02 9.841470718383789062e-01 9.120127558708190918e-01
4.919510177569463849e-02 9.839262962341308594e-01 9.097543954849243164e-01
4.712451447267085314e-02 9.845132827758789062e-01 9.140012264251708984e-01
4.782733654428739101e-02 9.841604232788085938e-01 9.103037118911743164e-01
4.926872465875931084e-02 9.838552474975585938e-01 9.092728495597839355e-01
4.940261199953965843e-02 9.839949607849121094e-01 9.104250669479370117e-01
5.074433194386074319e-02 9.834971427917480469e-01 9.067977070808410645e-01
4.673696715326514095e-02 9.845800399780273438e-01 9.150927662849426270e-01
4.802722118620295078e-02 9.841876029968261719e-01 9.104609489440917969e-01
4.815207769570406526e-02 9.842190742492675781e-01 9.112200736999511719e-01
4.740328551270067692e-02 9.843392372131347656e-01 9.127621650695800781e-01
4.678188195975963026e-02 9.844188690185546875e-01 9.136913418769836426e-01
4.725910892011597753e-02 9.842934608459472656e-01 9.128294587135314941e-01
4.851849190890789032e-02 9.841027259826660156e-01 9.109807014465332031e-01
4.775032566976733506e-02 9.843521118164062500e-01 9.124926328659057617e-01
4.743121381034143269e-02 9.842905998229980469e-01 9.114616513252258301e-01
4.864937376987654716e-02 9.841322898864746094e-01 9.102152585983276367e-01
4.916511450574034825e-02 9.839158058166503906e-01 9.095498919486999512e-01
4.718352550116833299e-02 9.843883514404296875e-01 9.130065441131591797e-01
4.948799964040517807e-02 9.840278625488281250e-01 9.100158214569091797e-01
4.713324946351349354e-02 9.845590591430664062e-01 9.134562611579895020e-01
4.879920832172501832e-02 9.839611053466796875e-01 9.092031717300415039e-01
4.646446414699312299e-02 9.846167564392089844e-01 9.138128161430358887e-01
4.817400548199657351e-02 9.841961860656738281e-01 9.113877415657043457e-01
4.795538091275375336e-02 9.842839241027832031e-01 9.122176170349121094e-01
4.855635325657203794e-02 9.841403961181640625e-01 9.108372330665588379e-01
4.775234442058717832e-02 9.845199584960937500e-01 9.140415787696838379e-01
4.890237876679748297e-02 9.841337203979492188e-01 9.104527235031127930e-01
4.851410481205675751e-02 9.842405319213867188e-01 9.120981693267822266e-01
4.863179515814408660e-02 9.843301773071289062e-01 9.122697114944458008e-01
4.874587980157230049e-02 9.840960502624511719e-01 9.111253619194030762e-01
4.656523476296570152e-02 9.845566749572753906e-01 9.142321348190307617e-01
4.877559004671638831e-02 9.840636253356933594e-01 9.099532961845397949e-01
4.733859354746527970e-02 9.842939376831054688e-01 9.128553271293640137e-01
4.726409731665626168e-02 9.843053817749023438e-01 9.120484590530395508e-01
4.715088728698901832e-02 9.844284057617187500e-01 9.133833646774291992e-01
4.729860091174487025e-02 9.844288825988769531e-01 9.132047891616821289e-01
4.811502688971813768e-02 9.842319488525390625e-01 9.117084741592407227e-01
4.714162807795219123e-02 9.845542907714843750e-01 9.136925935745239258e-01
4.774804513726849109e-02 9.842634201049804688e-01 9.119655489921569824e-01
4.854460453498177230e-02 9.841051101684570312e-01 9.104676246643066406e-01
4.763596681004855782e-02 9.843211174011230469e-01 9.127035737037658691e-01
4.929803329287096858e-02 9.840431213378906250e-01 9.101079702377319336e-01
4.807282433466752991e-02 9.843192100524902344e-01 9.123578071594238281e-01
4.815079538093414158e-02 9.843268394470214844e-01 9.123297333717346191e-01
4.740435539861209691e-02 9.843740463256835938e-01 9.129934906959533691e-01
4.669005649338942021e-02 9.847159385681152344e-01 9.149095416069030762e-01
4.747961572138592601e-02 9.842824935913085938e-01 9.123514294624328613e-01
4.855741825303994119e-02 9.840483665466308594e-01 9.091044068336486816e-01
4.763719458424020559e-02 9.841837882995605469e-01 9.118764400482177734e-01
4.705326375551521778e-02 9.846224784851074219e-01 9.146449565887451172e-01
4.810552920389454812e-02 9.844560623168945312e-01 9.131247401237487793e-01
4.781723271298687905e-02 9.843096733093261719e-01 9.124701619148254395e-01
