0.051096 98.605347 74.234545
0.045417 98.709717 69.482988
0.052957 98.465576 73.159188
0.149665 94.707642 55.264354
0.065630 98.170776 66.444838
0.045826 98.657227 73.939443
0.041109 98.798828 75.702018
0.040760 98.848877 75.424540
0.047285 98.587036 74.664277
0.045717 98.623657 73.437637
0.040468 98.879395 79.188430
0.040513 98.812866 78.044665
0.039997 98.789673 78.032565
0.035645 98.930054 74.029845
0.048601 98.798218 75.101393
0.037853 98.857422 77.011168
0.036201 98.953247 75.344783
0.036743 98.909302 82.515442
0.038408 98.880005 81.524265
0.037566 98.888550 79.131103
0.036667 98.930054 81.433165
0.036779 98.919067 77.883124
0.038924 98.788452 78.167957
0.035204 98.930664 80.096978
0.036953 98.986206 82.424617
0.035373 98.931274 79.303354
0.035032 98.942871 79.343724
0.035240 98.946533 80.272526
0.037277 98.883667 78.936255
0.035158 98.928833 77.890742
0.035860 98.925781 79.948908
0.035661 98.923340 79.371238
0.036339 98.905029 79.696888
0.034995 98.952026 79.631716
0.036196 98.939209 79.412657
0.035281 98.902588 79.744035
0.035423 98.939209 79.603398
0.035219 98.916016 80.129462
0.035301 98.921509 81.411201
0.034878 98.898315 80.240446
0.035811 98.883057 79.969251
0.034785 98.936157 80.267829
0.035240 98.904419 80.048579
0.034295 98.978882 80.181712
0.035190 98.945312 80.612093
0.034694 98.958130 80.108237
0.035309 98.942871 80.005640
0.035093 98.934937 80.112594
0.035407 98.928833 80.102408
0.034600 98.946533 80.074364
0.034728 98.941040 80.231297
0.034658 98.952026 80.217427
0.034570 98.961182 80.033189
0.034552 98.956909 80.115950
0.034927 98.920898 80.157131
0.033793 99.005737 80.276656
0.034883 98.930664 80.199176
0.034715 98.951416 80.127108
0.034720 98.953857 80.152595
0.035097 98.917847 80.109197
0.034694 98.940430 80.185848
0.034243 98.952026 80.271208
0.034680 98.921509 80.140144
0.033973 98.978271 80.186123
0.034365 98.977661 80.213267
0.034247 98.963623 80.450565
0.034467 98.950806 80.235201
0.034578 98.944092 80.345911
0.034661 98.949585 80.215591
0.034042 98.978882 80.718845
0.034537 98.961182 80.210060
0.034113 98.963013 80.257386
0.034302 98.963623 80.495536
0.034410 98.953857 80.344647
0.035026 98.923950 80.236095
0.034413 98.958740 80.361420
0.034462 98.969116 80.819595
0.034406 98.964233 80.372733
0.034224 98.967896 80.188262
0.034523 98.964233 80.711693
0.034871 98.952637 80.408233
0.034285 98.963013 80.396575
0.034289 98.955688 80.461317
0.034363 98.969727 80.245978
0.034624 98.958740 80.664057
0.034315 98.964844 80.178773
