0.498342 93.258333 65.648472
0.284309 94.206095 70.637518
0.247216 93.823290 71.672994
0.161472 95.214272 74.855292
0.199308 94.060946 71.760243
0.197680 94.238758 73.493600
0.138943 95.409012 78.385091
0.204957 94.470215 74.327677
0.125838 95.970678 77.748948
0.116228 95.996857 81.051248
0.140927 95.374346 78.782672
0.108161 96.303368 81.499499
0.110922 96.042585 79.282594
0.117450 96.052790 79.194301
0.106473 96.184587 81.426406
0.102017 96.393919 81.491053
0.093207 96.767807 83.084625
0.102929 96.463346 82.035911
0.097486 96.613407 82.316375
0.093034 96.702957 81.752884
0.088540 96.930170 84.334934
0.095638 96.651936 82.796657
0.093249 96.696424 81.225848
0.090213 96.791172 83.452040
0.094603 96.574783 82.657975
0.085301 96.996355 84.445751
0.089838 96.798801 83.584380
0.088868 96.857262 83.815426
0.093081 96.684027 83.205521
0.082640 97.113276 85.046130
0.087934 96.874428 83.880538
0.084998 97.000313 84.471244
0.082548 97.108793 84.851521
0.081816 97.119427 84.944957
0.081154 97.076321 84.571391
0.079408 97.172451 85.057807
0.080876 97.086382 84.842801
0.084853 97.037935 84.095889
0.082900 97.105122 84.988517
0.082421 97.130060 84.928644
0.078153 97.247076 85.294592
0.079412 97.218847 85.277015
0.082901 97.006321 84.410208
0.078903 97.181368 85.064912
0.079495 97.185707 85.200185
0.080620 97.143936 84.998983
0.078101 97.257233 85.711372
0.082265 97.192621 85.337776
0.078779 97.257471 85.377043
0.078509 97.259188 85.602003
0.076946 97.276163 85.623330
0.079740 97.174358 85.265940
0.076737 97.279549 85.506332
0.075588 97.364950 85.974807
0.076667 97.308779 85.860610
0.079101 97.188997 85.111159
0.077799 97.269201 85.690749
0.077712 97.267771 85.335535
0.075667 97.325754 85.536188
0.078781 97.226477 85.316986
0.077255 97.259331 85.431057
0.076702 97.274065 85.363352
0.077474 97.251749 85.634744
0.075963 97.337866 85.843229
0.075934 97.344255 85.956550
0.075882 97.328329 85.826290
0.074900 97.345066 85.757655
0.075806 97.333527 86.010015
0.077223 97.280884 85.567945
0.077072 97.310925 85.665929
0.075858 97.334242 85.886741
0.076007 97.284746 85.672957
0.075897 97.326946 85.753572
0.076401 97.297144 85.686797
0.075359 97.343922 85.793638
0.074975 97.351265 85.826826
0.077793 97.264910 85.458386
0.075459 97.350931 86.013526
0.076575 97.302628 85.802108
0.075945 97.338533 85.814166
0.076199 97.300243 85.639209
0.074963 97.357035 86.047602
0.075568 97.337294 85.924482
0.075575 97.322464 85.795242
0.075992 97.327566 85.849261
0.075248 97.351980 85.839152
0.076025 97.335434 85.775232
0.075848 97.335911 85.793787
0.074951 97.350073 85.931182
0.075174 97.353315 85.781211
0.076446 97.304440 85.727650
0.076003 97.339725 85.867965
0.075438 97.335482 85.847193
0.074894 97.361183 85.943240
0.075039 97.365093 85.893852
0.075725 97.335577 85.877472
0.075474 97.338390 85.970962
0.074446 97.378111 85.948944
0.075355 97.351837 85.868365
0.075483 97.352409 85.828978
0.075778 97.325754 85.766250
0.075255 97.343874 85.894793
0.075816 97.312260 85.900414
0.075973 97.332621 85.773963
0.076142 97.327614 85.770345
0.075951 97.326899 85.904473
0.075175 97.351122 85.887265
0.075495 97.352314 85.920542
0.075637 97.338152 85.811144
0.074564 97.359467 86.085331
0.074730 97.351074 85.937148
0.075466 97.345781 85.836697
0.075097 97.358084 85.750693
0.076030 97.339201 85.795528
0.075118 97.345209 85.967112
0.076404 97.318316 85.759354
0.075865 97.349358 85.858822
0.075830 97.327852 85.713446
0.075715 97.344112 86.030501
0.075559 97.342682 85.876513
0.075462 97.344685 85.965925
0.074989 97.354984 85.933399
0.075903 97.323942 85.656160
0.075290 97.346497 85.872614
0.075196 97.350883 86.088538
0.075340 97.348022 85.860801
0.075921 97.317600 85.735136
0.075058 97.361326 85.973108
