0.052545 98.670000 77.490100
0.048147 98.768300 81.990400
0.044597 98.813500 74.999600
0.046183 98.690200 72.624700
0.053119 98.463100 75.609500
0.039708 98.958700 82.164700
0.043218 98.788500 73.754000
0.055442 98.377100 78.048100
0.043969 98.848900 82.947500
0.046555 98.785400 77.726300
0.042648 98.893400 81.721300
0.040722 98.911700 84.277900
0.046256 98.811000 73.518000
0.043998 98.901400 82.343600
0.046256 98.748800 72.755900
0.046807 98.797600 78.763200
0.046719 98.848900 81.265900
0.043512 98.886700 82.997000
0.045227 98.855600 80.359000
0.047271 98.831200 77.621100
0.044974 98.877000 81.100100
0.047804 98.783600 75.044000
0.047606 98.828700 81.145000
0.045152 98.893400 82.744800
0.045935 98.928200 82.959600
0.047068 98.866600 81.252700
0.046184 98.868400 82.306100
0.048353 98.842800 82.317500
0.048552 98.825100 82.257000
0.046751 98.860500 82.842900
0.048355 98.856800 82.317600
0.047192 98.851300 81.900500
0.049090 98.817700 82.284400
0.048291 98.856800 82.362300
0.049003 98.851900 81.062500
0.045647 98.872700 78.822600
