1.498404 15.193500 21.190300
0.849484 39.252300 42.799500
0.670261 85.712900 55.206500
0.550157 92.139300 58.686600
0.480006 95.473600 64.168600
0.457347 96.019900 65.469200
0.382815 98.695100 72.854500
0.386712 97.546400 67.815100
0.420496 95.512100 63.924100
0.307708 98.252000 69.003600
0.294206 98.662700 70.974300
0.314653 98.158600 69.207500
0.285330 98.433200 70.613000
0.269885 98.386200 72.855400
0.247808 98.476600 70.619300
0.217700 98.515600 76.135100
0.219865 98.552200 80.230700
0.217029 98.588300 72.662200
0.205224 98.729200 73.384200
0.209056 98.765900 73.588600
0.188794 98.850100 79.531000
0.191541 98.714000 71.825300
0.190533 98.638900 72.091700
0.188637 98.717700 71.948100
0.194373 98.663900 72.768900
0.183375 98.714000 71.480100
0.183810 98.649300 71.383800
0.176067 98.735400 73.250600
0.172561 98.784800 72.434700
0.159646 98.855000 77.617200
0.162007 98.779900 76.779700
0.163618 98.725600 73.681500
0.169044 98.750000 73.407700
0.161728 98.819000 76.684700
0.162643 98.841600 72.812400
0.159900 98.675500 72.250200
0.158604 98.668800 72.749300
0.154426 98.754900 73.814000
0.157915 98.672500 71.405100
0.163131 98.606600 71.779500
0.151185 98.663900 71.534200
0.151809 98.725000 71.967200
0.150294 98.646200 71.830200
0.155136 98.854400 74.470700
0.151383 98.801300 73.797100
0.153743 98.742100 71.853000
0.149671 98.642000 71.667800
0.145763 98.848900 74.334000
0.151532 98.811600 74.164300
0.143304 98.714000 72.517600
0.145184 98.843400 75.276600
0.152228 98.805500 75.527200
0.147551 98.777500 73.558700
0.143169 98.809200 74.279400
0.146546 98.833600 74.066500
0.141940 98.832400 74.291300
0.142417 98.814700 75.530000
0.150064 98.741500 73.071100
0.149378 98.767100 73.477200
0.148704 98.816500 73.673600
0.146429 98.822600 74.393600
0.150407 98.811000 73.913800
0.137233 98.787800 72.850000
0.146827 98.795800 74.743100
0.143961 98.824500 74.298500
0.141726 98.762200 72.908600
0.142819 98.804300 74.054900
0.136879 98.835400 73.722100
0.142597 98.774400 72.733500
0.138328 98.822600 74.486800
0.138918 98.825100 73.503200
0.139628 98.834800 74.396900
0.136852 98.753700 72.790100
0.142960 98.803100 73.520500
0.135255 98.827500 74.285100
0.145843 98.814100 72.902800
0.140272 98.799400 72.938100
0.140138 98.809800 73.777100
0.150977 98.743900 72.534200
0.142299 98.674900 71.726700
0.133589 98.812900 74.410500
0.148649 98.830600 74.308900
0.136666 98.830000 74.220000
0.144012 98.728000 72.197300
0.137762 98.791500 73.443100
0.142372 98.773200 72.756800
0.134364 98.830600 74.150400
0.152207 98.781100 73.388000
0.145604 98.813500 74.093400
0.144221 98.759800 72.816700
0.142096 98.767700 73.671800
0.140147 98.831800 74.291700
0.136230 98.837300 74.330500
0.148260 98.849500 74.454900
0.140437 98.801300 72.901700
0.142423 98.780500 73.351000
0.140594 98.845200 74.376000
0.138913 98.669400 72.111800
0.143531 98.797000 73.468000
0.130174 98.793900 73.920900
0.145056 98.802500 74.170100
0.142919 98.861100 74.223700
0.136944 98.834800 74.202300
0.130248 98.867800 74.418100
0.138533 98.833600 73.554200
0.149125 98.818400 73.766400
0.141806 98.777500 73.445100
0.138564 98.869000 74.296300
0.133314 98.847000 74.233600
0.142167 98.780500 73.395400
0.142751 98.850700 75.683300
0.138794 98.804300 73.820300
0.126686 98.806800 73.192200
0.133371 98.827500 73.472700
0.143413 98.779900 73.073700
0.138964 98.823200 74.442400
0.130713 98.871500 74.571300
0.147376 98.840300 73.595100
0.139287 98.762200 72.741900
0.140432 98.821400 74.219300
0.137704 98.820800 74.356900
0.142200 98.833600 74.292100
0.139720 98.770100 73.115500
0.147282 98.779900 73.220400
0.143252 98.774400 73.354600
0.146306 98.844000 75.591000
0.140177 98.823900 74.090300
0.147132 98.802500 73.693900
0.139766 98.755500 72.541100
0.134806 98.825100 74.138200
0.140268 98.804900 74.332900
0.144636 98.783000 73.442800
0.140824 98.779900 73.324500
0.147965 98.842200 74.254900
0.148762 98.802500 73.470700
0.156041 98.790900 73.169900
0.140084 98.787200 74.058400
0.145264 98.804900 73.780000
0.141650 98.823200 74.335600
0.144210 98.792700 72.705100
0.139650 98.847000 74.350200
0.137457 98.848900 74.393800
0.137396 98.825100 74.017500
